MAE: 1.4650601050102936
MSE: 3.199004468588908
RMSE: 1.7885761008659677
R2 Score: 0.8986489151417079
